{
 "cells": [
  {
   "cell_type": "markdown",
   "metadata": {},
   "source": [
    "# Weight Searching\n",
    "\n"
   ]
  },
  {
   "cell_type": "code",
   "execution_count": 1,
   "metadata": {},
   "outputs": [
    {
     "name": "stdout",
     "output_type": "stream",
     "text": [
      "Intel MKL WARNING: Support of Intel(R) Streaming SIMD Extensions 4.2 (Intel(R) SSE4.2) enabled only processors has been deprecated. Intel oneAPI Math Kernel Library 2025.0 will require Intel(R) Advanced Vector Extensions (Intel(R) AVX) instructions.\n",
      "Intel MKL WARNING: Support of Intel(R) Streaming SIMD Extensions 4.2 (Intel(R) SSE4.2) enabled only processors has been deprecated. Intel oneAPI Math Kernel Library 2025.0 will require Intel(R) Advanced Vector Extensions (Intel(R) AVX) instructions.\n"
     ]
    }
   ],
   "source": [
    "import pandas as pd\n",
    "import numpy as np\n",
    "import matplotlib.pyplot as plt\n",
    "import seaborn as sns\n",
    "from tqdm import tqdm\n",
    "from fitpass import fitpass_optimization\n"
   ]
  },
  {
   "cell_type": "markdown",
   "metadata": {},
   "source": [
    "# Example"
   ]
  },
  {
   "cell_type": "code",
   "execution_count": 2,
   "metadata": {},
   "outputs": [],
   "source": [
    "example1 = {\n",
    "    # user info\n",
    "    \"name\": \"roman\",\n",
    "    # location\n",
    "    \"location\": {\n",
    "        \"longitude\": -99.18265186842596,\n",
    "        \"latitude\": 19.388900864307445,\n",
    "    },\n",
    "    # user loss distance to studios\n",
    "    \"distance_sensitivity\": 'medium', # low, medium, high\n",
    "    # user preferences\n",
    "    \"preferences\": {\n",
    "        \"love_activities\": [\"barre\", \"yoga\", \"cycling\", \"pilates\", \"gym\"],\n",
    "        \"hate_activities\": [\"crossfit\", \"functional\"],\n",
    "    },\n",
    "    # constraints\n",
    "    \"is_pro\": 1,\n",
    "    \"max_allowed_classes_per_class\": 4,\n",
    "    \"num_classes_per_month\": 23,\n",
    "}\n",
    "\n",
    "# example weights\n",
    "WEIGHTS = {\n",
    "    'distance': 0.6,\n",
    "    'preference': 0.3,\n",
    "    'activity': 0.1\n",
    "}\n",
    "\n",
    "# solve\n",
    "df_ex1, fmin = fitpass_optimization(example1, WEIGHTS)"
   ]
  },
  {
   "cell_type": "code",
   "execution_count": 3,
   "metadata": {},
   "outputs": [
    {
     "data": {
      "text/plain": [
       "-0.9498366007433536"
      ]
     },
     "execution_count": 3,
     "metadata": {},
     "output_type": "execute_result"
    }
   ],
   "source": [
    "fmin"
   ]
  },
  {
   "cell_type": "markdown",
   "metadata": {},
   "source": [
    "## Example 2"
   ]
  },
  {
   "cell_type": "code",
   "execution_count": 4,
   "metadata": {},
   "outputs": [],
   "source": [
    "# example weights\n",
    "WEIGHTS = {\n",
    "    'distance': 0.9,\n",
    "    'preference': 0.05,\n",
    "    'activity': 0.05\n",
    "}\n",
    "\n",
    "# solve\n",
    "df_ex1, fmin = fitpass_optimization(example1, WEIGHTS)"
   ]
  },
  {
   "cell_type": "code",
   "execution_count": 5,
   "metadata": {},
   "outputs": [
    {
     "data": {
      "text/plain": [
       "-0.9617320397563542"
      ]
     },
     "execution_count": 5,
     "metadata": {},
     "output_type": "execute_result"
    }
   ],
   "source": [
    "fmin"
   ]
  },
  {
   "cell_type": "markdown",
   "metadata": {},
   "source": [
    "# Evaluate with dirichletm"
   ]
  },
  {
   "cell_type": "code",
   "execution_count": 15,
   "metadata": {},
   "outputs": [
    {
     "data": {
      "text/plain": [
       "array([[0.21507209, 0.57843315, 0.20649476],\n",
       "       [0.74294523, 0.18704922, 0.07000555],\n",
       "       [0.9174833 , 0.05965852, 0.02285817],\n",
       "       [0.48246313, 0.21119888, 0.306338  ],\n",
       "       [0.0311452 , 0.26027772, 0.70857708],\n",
       "       [0.63874488, 0.13344499, 0.22781013],\n",
       "       [0.1697908 , 0.63161541, 0.19859379],\n",
       "       [0.04130793, 0.49790812, 0.46078394],\n",
       "       [0.01151693, 0.70792374, 0.28055932],\n",
       "       [0.05606385, 0.58816829, 0.35576786],\n",
       "       [0.72545981, 0.11212046, 0.16241974],\n",
       "       [0.31128745, 0.15695123, 0.53176132],\n",
       "       [0.17983805, 0.54842942, 0.27173252],\n",
       "       [0.03526237, 0.76478533, 0.19995231],\n",
       "       [0.71820748, 0.083103  , 0.19868952],\n",
       "       [0.48428751, 0.28606401, 0.22964847],\n",
       "       [0.21377628, 0.0560167 , 0.73020702],\n",
       "       [0.30855795, 0.31308982, 0.37835222],\n",
       "       [0.43536774, 0.55137545, 0.01325681],\n",
       "       [0.27472237, 0.64513278, 0.08014485],\n",
       "       [0.79337938, 0.1032471 , 0.10337352],\n",
       "       [0.60804812, 0.23804388, 0.153908  ],\n",
       "       [0.16715283, 0.45817217, 0.37467501],\n",
       "       [0.21646863, 0.4161806 , 0.36735076],\n",
       "       [0.14403181, 0.75103332, 0.10493487],\n",
       "       [0.08853243, 0.78685245, 0.12461512],\n",
       "       [0.73714585, 0.05960898, 0.20324517],\n",
       "       [0.42846946, 0.4405022 , 0.13102834],\n",
       "       [0.04887966, 0.66037834, 0.290742  ],\n",
       "       [0.05637256, 0.8397773 , 0.10385014],\n",
       "       [0.31154782, 0.41149965, 0.27695253],\n",
       "       [0.55576674, 0.09411626, 0.350117  ],\n",
       "       [0.4546233 , 0.04289444, 0.50248226],\n",
       "       [0.24291568, 0.7051968 , 0.05188752],\n",
       "       [0.01369311, 0.38436372, 0.60194317],\n",
       "       [0.6081214 , 0.36621878, 0.02565982],\n",
       "       [0.39172564, 0.32941751, 0.27885686],\n",
       "       [0.44268322, 0.06371266, 0.49360412],\n",
       "       [0.54174935, 0.10077588, 0.35747478],\n",
       "       [0.18976438, 0.59398376, 0.21625186],\n",
       "       [0.34342442, 0.62461386, 0.03196173],\n",
       "       [0.06787647, 0.89600742, 0.0361161 ],\n",
       "       [0.17608042, 0.72916573, 0.09475386],\n",
       "       [0.22850742, 0.18781103, 0.58368155],\n",
       "       [0.92996523, 0.05370712, 0.01632765],\n",
       "       [0.17302379, 0.52982428, 0.29715193],\n",
       "       [0.34925402, 0.53557542, 0.11517056],\n",
       "       [0.12800132, 0.84158891, 0.03040977],\n",
       "       [0.47638475, 0.09539249, 0.42822275],\n",
       "       [0.43722564, 0.36062085, 0.20215351],\n",
       "       [0.57784867, 0.12546079, 0.29669053],\n",
       "       [0.13292688, 0.79997805, 0.06709507],\n",
       "       [0.06289554, 0.27194268, 0.66516178],\n",
       "       [0.0716121 , 0.64252337, 0.28586453],\n",
       "       [0.61204578, 0.28078516, 0.10716906],\n",
       "       [0.03683566, 0.67340255, 0.28976179],\n",
       "       [0.24086659, 0.57828983, 0.18084358],\n",
       "       [0.74208839, 0.11255598, 0.14535564],\n",
       "       [0.32371411, 0.45336516, 0.22292073],\n",
       "       [0.14218136, 0.14303858, 0.71478006],\n",
       "       [0.33060779, 0.16938249, 0.50000972],\n",
       "       [0.66130421, 0.09872506, 0.23997073],\n",
       "       [0.0577803 , 0.4159461 , 0.5262736 ],\n",
       "       [0.46181958, 0.11435499, 0.42382542],\n",
       "       [0.47928349, 0.38151015, 0.13920636],\n",
       "       [0.77548862, 0.18433873, 0.04017265],\n",
       "       [0.03588765, 0.05890963, 0.90520272],\n",
       "       [0.08271948, 0.15110358, 0.76617694],\n",
       "       [0.24592364, 0.10393732, 0.65013904],\n",
       "       [0.1298956 , 0.83054413, 0.03956028],\n",
       "       [0.0485533 , 0.4045723 , 0.54687441],\n",
       "       [0.23771115, 0.38265095, 0.3796379 ],\n",
       "       [0.62169408, 0.05154337, 0.32676255],\n",
       "       [0.07759369, 0.03111592, 0.89129039],\n",
       "       [0.20737011, 0.46829705, 0.32433284],\n",
       "       [0.21348979, 0.75250135, 0.03400886],\n",
       "       [0.82144105, 0.16042307, 0.01813589],\n",
       "       [0.5855791 , 0.40085373, 0.01356717],\n",
       "       [0.2863208 , 0.34134071, 0.37233849],\n",
       "       [0.45350501, 0.27396523, 0.27252976],\n",
       "       [0.20588602, 0.61544856, 0.17866542],\n",
       "       [0.09428778, 0.04316503, 0.86254719],\n",
       "       [0.22946221, 0.48760468, 0.28293311],\n",
       "       [0.60185513, 0.33281536, 0.06532951],\n",
       "       [0.55583795, 0.22045502, 0.22370703],\n",
       "       [0.91398457, 0.08408297, 0.00193246],\n",
       "       [0.60417407, 0.28182617, 0.11399977],\n",
       "       [0.35338296, 0.55192997, 0.09468708],\n",
       "       [0.2425715 , 0.41502341, 0.34240509],\n",
       "       [0.05463179, 0.4779387 , 0.46742951],\n",
       "       [0.20429064, 0.16932888, 0.62638048],\n",
       "       [0.47017437, 0.42696926, 0.10285637],\n",
       "       [0.91300866, 0.04421761, 0.04277373],\n",
       "       [0.0129442 , 0.3577636 , 0.62929219],\n",
       "       [0.40972185, 0.08674976, 0.50352839],\n",
       "       [0.15678203, 0.82226122, 0.02095676],\n",
       "       [0.06641123, 0.85306161, 0.08052716],\n",
       "       [0.43692717, 0.25497168, 0.30810114],\n",
       "       [0.59034363, 0.34949585, 0.06016052],\n",
       "       [0.15438083, 0.14162645, 0.70399272],\n",
       "       [0.0515512 , 0.08373917, 0.86470963],\n",
       "       [0.18944897, 0.40264   , 0.40791104],\n",
       "       [0.51542472, 0.45656756, 0.02800772],\n",
       "       [0.43017898, 0.04471193, 0.52510909],\n",
       "       [0.41977094, 0.36696175, 0.21326731],\n",
       "       [0.1852673 , 0.73065092, 0.08408178],\n",
       "       [0.17977236, 0.28337577, 0.53685188],\n",
       "       [0.36640326, 0.17653502, 0.45706173],\n",
       "       [0.17432929, 0.31286392, 0.51280678],\n",
       "       [0.44508753, 0.2536001 , 0.30131237],\n",
       "       [0.72939802, 0.13430064, 0.13630133],\n",
       "       [0.4562987 , 0.00827845, 0.53542285],\n",
       "       [0.71281834, 0.08262514, 0.20455652],\n",
       "       [0.26445816, 0.43150651, 0.30403534],\n",
       "       [0.39265486, 0.33745396, 0.26989118],\n",
       "       [0.84026964, 0.04218573, 0.11754464],\n",
       "       [0.31707336, 0.39787661, 0.28505003],\n",
       "       [0.4131622 , 0.21420873, 0.37262907],\n",
       "       [0.05129885, 0.78401824, 0.16468291],\n",
       "       [0.0139386 , 0.49570331, 0.49035809],\n",
       "       [0.33412103, 0.25224964, 0.41362933],\n",
       "       [0.26080877, 0.12062271, 0.61856852],\n",
       "       [0.50853588, 0.17796079, 0.31350333],\n",
       "       [0.26148742, 0.21438787, 0.52412471],\n",
       "       [0.19771759, 0.2506967 , 0.55158571],\n",
       "       [0.29080155, 0.59494226, 0.11425619],\n",
       "       [0.40167471, 0.38555711, 0.21276819],\n",
       "       [0.41080683, 0.3757894 , 0.21340377],\n",
       "       [0.80825998, 0.03409952, 0.1576405 ],\n",
       "       [0.52388733, 0.4029723 , 0.07314038],\n",
       "       [0.7988617 , 0.02987123, 0.17126707],\n",
       "       [0.68828747, 0.13727091, 0.17444162],\n",
       "       [0.49381254, 0.02365468, 0.48253278],\n",
       "       [0.26902224, 0.07358881, 0.65738895],\n",
       "       [0.05158725, 0.78007779, 0.16833496],\n",
       "       [0.05733512, 0.80713942, 0.13552546],\n",
       "       [0.13336638, 0.47101015, 0.39562347],\n",
       "       [0.28929332, 0.59007169, 0.12063499],\n",
       "       [0.05558622, 0.56172391, 0.38268987],\n",
       "       [0.48833924, 0.37908032, 0.13258044],\n",
       "       [0.56290667, 0.28560981, 0.15148351],\n",
       "       [0.05082729, 0.19264534, 0.75652738],\n",
       "       [0.31718019, 0.63341765, 0.04940216],\n",
       "       [0.24698386, 0.10778303, 0.64523311],\n",
       "       [0.05784209, 0.13431748, 0.80784043],\n",
       "       [0.03949471, 0.1083766 , 0.85212869],\n",
       "       [0.14021813, 0.15009122, 0.70969065],\n",
       "       [0.01532835, 0.73451832, 0.25015333],\n",
       "       [0.86696812, 0.09163834, 0.04139355],\n",
       "       [0.10806286, 0.36201127, 0.52992587],\n",
       "       [0.76350935, 0.21014522, 0.02634543],\n",
       "       [0.10193122, 0.51836052, 0.37970825],\n",
       "       [0.37952912, 0.33119059, 0.28928029],\n",
       "       [0.07098566, 0.39220273, 0.53681161],\n",
       "       [0.54341962, 0.2412119 , 0.21536847],\n",
       "       [0.28275364, 0.0124835 , 0.70476286],\n",
       "       [0.39308059, 0.52767333, 0.07924608],\n",
       "       [0.27153805, 0.00986215, 0.71859979],\n",
       "       [0.07222341, 0.45673167, 0.47104491],\n",
       "       [0.09343346, 0.77997421, 0.12659233],\n",
       "       [0.06224374, 0.70746042, 0.23029584],\n",
       "       [0.11070041, 0.20315085, 0.68614874],\n",
       "       [0.1235827 , 0.23995619, 0.63646111],\n",
       "       [0.36578413, 0.10495144, 0.52926443],\n",
       "       [0.19395217, 0.19028386, 0.61576397],\n",
       "       [0.16817904, 0.52954703, 0.30227393],\n",
       "       [0.20996662, 0.51668207, 0.27335131],\n",
       "       [0.16791568, 0.80077044, 0.03131389],\n",
       "       [0.05450068, 0.27454562, 0.6709537 ],\n",
       "       [0.74403481, 0.20522485, 0.05074035],\n",
       "       [0.61892343, 0.15489582, 0.22618075],\n",
       "       [0.68772893, 0.22434363, 0.08792744],\n",
       "       [0.32937137, 0.41412894, 0.25649969],\n",
       "       [0.10801262, 0.12271317, 0.76927421],\n",
       "       [0.89771934, 0.03715475, 0.06512591],\n",
       "       [0.20842479, 0.36307233, 0.42850288],\n",
       "       [0.14136504, 0.11312905, 0.74550591],\n",
       "       [0.64171713, 0.14747472, 0.21080814],\n",
       "       [0.2249229 , 0.10736159, 0.66771551],\n",
       "       [0.69636375, 0.22476278, 0.07887348],\n",
       "       [0.56230607, 0.11064256, 0.32705137],\n",
       "       [0.05919742, 0.06466629, 0.87613629],\n",
       "       [0.09110069, 0.39834847, 0.51055084],\n",
       "       [0.73728805, 0.09097429, 0.17173766],\n",
       "       [0.39614695, 0.26839236, 0.33546069],\n",
       "       [0.14196801, 0.30783125, 0.55020074],\n",
       "       [0.44866018, 0.23339883, 0.31794099],\n",
       "       [0.39539535, 0.07886187, 0.52574278],\n",
       "       [0.63594322, 0.1503074 , 0.21374938],\n",
       "       [0.73815926, 0.23207475, 0.02976599],\n",
       "       [0.37323256, 0.40022672, 0.22654071],\n",
       "       [0.13305657, 0.40604087, 0.46090256],\n",
       "       [0.50797802, 0.10022768, 0.39179431],\n",
       "       [0.12776284, 0.30468186, 0.5675553 ],\n",
       "       [0.43794649, 0.27635096, 0.28570255],\n",
       "       [0.06476066, 0.87446109, 0.06077825],\n",
       "       [0.13328936, 0.04168068, 0.82502996],\n",
       "       [0.12818522, 0.38032943, 0.49148536],\n",
       "       [0.54528081, 0.21774556, 0.23697363],\n",
       "       [0.44166371, 0.08508029, 0.473256  ],\n",
       "       [0.51292528, 0.38291897, 0.10415576],\n",
       "       [0.24750457, 0.09313272, 0.65936272],\n",
       "       [0.32138751, 0.49258949, 0.186023  ],\n",
       "       [0.32427424, 0.50455389, 0.17117186],\n",
       "       [0.44561205, 0.31969467, 0.23469327],\n",
       "       [0.39903342, 0.08570423, 0.51526235],\n",
       "       [0.00970123, 0.81945452, 0.17084425],\n",
       "       [0.25502098, 0.53080534, 0.21417368],\n",
       "       [0.55449512, 0.26009637, 0.18540851],\n",
       "       [0.16845478, 0.32244979, 0.50909543],\n",
       "       [0.39143422, 0.45326718, 0.15529861],\n",
       "       [0.27860243, 0.11407448, 0.60732309],\n",
       "       [0.14759887, 0.32321255, 0.52918859],\n",
       "       [0.07583142, 0.12146648, 0.80270211],\n",
       "       [0.54136736, 0.39044525, 0.0681874 ],\n",
       "       [0.56900014, 0.31978694, 0.11121292],\n",
       "       [0.48188281, 0.45924406, 0.05887313],\n",
       "       [0.0512921 , 0.50030938, 0.44839853],\n",
       "       [0.17742696, 0.32172031, 0.50085273],\n",
       "       [0.11963487, 0.21706167, 0.66330346],\n",
       "       [0.44309797, 0.28072807, 0.27617396],\n",
       "       [0.00578665, 0.4667377 , 0.52747565],\n",
       "       [0.19052807, 0.40488712, 0.40458481],\n",
       "       [0.09903793, 0.54228676, 0.35867531],\n",
       "       [0.01704618, 0.57919831, 0.40375551],\n",
       "       [0.25443831, 0.22412919, 0.52143251],\n",
       "       [0.0618219 , 0.4877539 , 0.4504242 ],\n",
       "       [0.32791434, 0.29235451, 0.37973115],\n",
       "       [0.02355396, 0.97063766, 0.00580838],\n",
       "       [0.68112385, 0.29023989, 0.02863625],\n",
       "       [0.00494937, 0.45164419, 0.54340644],\n",
       "       [0.26916474, 0.62161237, 0.10922289],\n",
       "       [0.33879991, 0.59350341, 0.06769668],\n",
       "       [0.290471  , 0.45340345, 0.25612555],\n",
       "       [0.14162623, 0.16422075, 0.69415302],\n",
       "       [0.23640077, 0.50194576, 0.26165347],\n",
       "       [0.06483289, 0.76573669, 0.16943042],\n",
       "       [0.11490937, 0.56510998, 0.31998065],\n",
       "       [0.52380746, 0.4430245 , 0.03316805],\n",
       "       [0.17248906, 0.44689313, 0.38061781],\n",
       "       [0.25800414, 0.42446704, 0.31752882],\n",
       "       [0.22329585, 0.03593864, 0.74076551],\n",
       "       [0.25093618, 0.4168586 , 0.33220521],\n",
       "       [0.21670029, 0.08154262, 0.70175709],\n",
       "       [0.70982196, 0.28219213, 0.00798591],\n",
       "       [0.44370026, 0.25648626, 0.29981347],\n",
       "       [0.44247047, 0.2335107 , 0.32401883],\n",
       "       [0.43350637, 0.03333197, 0.53316166],\n",
       "       [0.89698476, 0.04192305, 0.06109219],\n",
       "       [0.04546356, 0.06060554, 0.8939309 ],\n",
       "       [0.00533987, 0.47359702, 0.5210631 ],\n",
       "       [0.71495143, 0.02119537, 0.2638532 ],\n",
       "       [0.01292968, 0.92471864, 0.06235168],\n",
       "       [0.61580385, 0.26456872, 0.11962743],\n",
       "       [0.64757615, 0.08046646, 0.27195738],\n",
       "       [0.37816604, 0.16928565, 0.45254831],\n",
       "       [0.07991506, 0.8655293 , 0.05455564],\n",
       "       [0.29921906, 0.44431423, 0.25646671],\n",
       "       [0.0787265 , 0.7269159 , 0.1943576 ],\n",
       "       [0.03514517, 0.19437689, 0.77047794],\n",
       "       [0.51189871, 0.28809357, 0.20000772],\n",
       "       [0.28419532, 0.49538629, 0.22041839],\n",
       "       [0.363982  , 0.39079865, 0.24521934],\n",
       "       [0.28278216, 0.00413431, 0.71308353],\n",
       "       [0.1412646 , 0.08604705, 0.77268835],\n",
       "       [0.04463546, 0.89432093, 0.06104361],\n",
       "       [0.01118123, 0.75723679, 0.23158198],\n",
       "       [0.53045671, 0.0845516 , 0.38499169],\n",
       "       [0.25027703, 0.49813768, 0.25158529],\n",
       "       [0.50796306, 0.14132946, 0.35070748],\n",
       "       [0.1293394 , 0.44348947, 0.42717113],\n",
       "       [0.4126997 , 0.27039371, 0.31690659],\n",
       "       [0.24067839, 0.61238286, 0.14693875],\n",
       "       [0.18377462, 0.48624105, 0.32998433],\n",
       "       [0.55943104, 0.20220476, 0.2383642 ],\n",
       "       [0.05362366, 0.50684037, 0.43953597],\n",
       "       [0.04040475, 0.58987517, 0.36972008],\n",
       "       [0.3803726 , 0.02282491, 0.59680249],\n",
       "       [0.01603617, 0.71923862, 0.26472521],\n",
       "       [0.69725696, 0.2217835 , 0.08095953],\n",
       "       [0.32212394, 0.39570101, 0.28217505],\n",
       "       [0.2873986 , 0.2376627 , 0.4749387 ],\n",
       "       [0.79775312, 0.04189471, 0.16035217],\n",
       "       [0.34559441, 0.5057726 , 0.14863299],\n",
       "       [0.04157438, 0.90986894, 0.04855668],\n",
       "       [0.33700307, 0.14419321, 0.51880371],\n",
       "       [0.6878149 , 0.09716854, 0.21501656],\n",
       "       [0.04847554, 0.40522209, 0.54630238],\n",
       "       [0.30975305, 0.50815394, 0.18209301],\n",
       "       [0.31668581, 0.62146722, 0.06184697],\n",
       "       [0.04071979, 0.83374425, 0.12553595],\n",
       "       [0.75256195, 0.17777568, 0.06966237],\n",
       "       [0.34026858, 0.33414175, 0.32558967],\n",
       "       [0.01434781, 0.1775185 , 0.80813368],\n",
       "       [0.22800051, 0.05142898, 0.72057051],\n",
       "       [0.08313122, 0.03143266, 0.88543613],\n",
       "       [0.3409357 , 0.0701943 , 0.58887   ],\n",
       "       [0.01626632, 0.47193713, 0.51179655],\n",
       "       [0.16272736, 0.74243187, 0.09484077],\n",
       "       [0.92084398, 0.0312998 , 0.04785621],\n",
       "       [1.        , 0.        , 0.        ],\n",
       "       [0.        , 1.        , 0.        ],\n",
       "       [0.        , 0.        , 1.        ]])"
      ]
     },
     "execution_count": 15,
     "metadata": {},
     "output_type": "execute_result"
    }
   ],
   "source": [
    "# distribute weights using dirichlet\n",
    "rng = np.random.default_rng(8)\n",
    "weights = rng.dirichlet(np.ones(3), size=300)\n",
    "\n",
    "# add wieghts (1,0,0), (0,1,0), (0,0,1)\n",
    "weights = np.vstack([weights, np.array([1,0,0]), np.array([0,1,0]), np.array([0,0,1])])\n",
    "weights"
   ]
  },
  {
   "cell_type": "code",
   "execution_count": 16,
   "metadata": {},
   "outputs": [
    {
     "name": "stderr",
     "output_type": "stream",
     "text": [
      "100%|██████████| 303/303 [01:15<00:00,  4.01it/s]\n"
     ]
    }
   ],
   "source": [
    "# function to map weight to dictionary\n",
    "def map_weights_to_dict(weights):\n",
    "    return {\n",
    "        'distance': weights[0],\n",
    "        'preference': weights[1],\n",
    "        'activity': weights[2]\n",
    "    }\n",
    "\n",
    "fmins = []\n",
    "for w in tqdm(weights):\n",
    "    _, fmin = fitpass_optimization(example1, map_weights_to_dict(w))\n",
    "    fmins.append(fmin)"
   ]
  },
  {
   "cell_type": "code",
   "execution_count": 17,
   "metadata": {},
   "outputs": [
    {
     "data": {
      "text/plain": [
       "[-0.9820187548020525,\n",
       " -0.9419424270798237,\n",
       " -0.9606591760337786,\n",
       " -0.9596633493336273,\n",
       " -0.9973960846895693,\n",
       " -0.9522691593322867,\n",
       " -0.9858045274619656,\n",
       " -0.996546422793376,\n",
       " -0.9990371190472248,\n",
       " -0.9953127447190695,\n",
       " -0.9523314904964394,\n",
       " -0.973974605399274,\n",
       " -0.9849645198695118,\n",
       " -0.9970518663999082,\n",
       " -0.9591150837612686,\n",
       " -0.959510820195284,\n",
       " -0.9832180760191153,\n",
       " -0.9742028068589205,\n",
       " -0.9639038486289063,\n",
       " -0.977031653222161,\n",
       " -0.9522480243318585,\n",
       " -0.9495289457077626,\n",
       " -0.9860250766241683,\n",
       " -0.981901995880056,\n",
       " -0.9879581245387913,\n",
       " -0.9925981874043975,\n",
       " -0.9638441164037064,\n",
       " -0.9641775256335592,\n",
       " -0.9959133831038895,\n",
       " -0.9952869348530449,\n",
       " -0.973952837535827,\n",
       " -0.961912187524386,\n",
       " -0.9763151608705427,\n",
       " -0.9796908726254168,\n",
       " -0.9988551782653263,\n",
       " -0.9491576056559343,\n",
       " -0.9672495175647908,\n",
       " -0.9719757826829233,\n",
       " -0.9614589056072489,\n",
       " -0.9841346230031718,\n",
       " -0.9712877729995879,\n",
       " -0.994325142157446,\n",
       " -0.9852786795367294,\n",
       " -0.9808954852624499,\n",
       " -0.9633010624059826,\n",
       " -0.9855342310845844,\n",
       " -0.9708003849282361,\n",
       " -0.9892983646988578,\n",
       " -0.9650485249419466,\n",
       " -0.963445459772332,\n",
       " -0.9562956664129514,\n",
       " -0.9888865596018057,\n",
       " -0.994741576322625,\n",
       " -0.9940128228423092,\n",
       " -0.9488295053044743,\n",
       " -0.9969203300444107,\n",
       " -0.9798621885048906,\n",
       " -0.9517214297317066,\n",
       " -0.9729356663117852,\n",
       " -0.988112832441533,\n",
       " -0.9723593154244239,\n",
       " -0.9573338297480032,\n",
       " -0.995169239802919,\n",
       " -0.9639776796378466,\n",
       " -0.9599291847161691,\n",
       " -0.9399591677410895,\n",
       " -0.9969995889786927,\n",
       " -0.9930841829525825,\n",
       " -0.9794393904325374,\n",
       " -0.9891399919941366,\n",
       " -0.9959406692453995,\n",
       " -0.9801260009663672,\n",
       " -0.9692196422661462,\n",
       " -0.9935336332046539,\n",
       " -0.9826626842020619,\n",
       " -0.9821510436995802,\n",
       " -0.9405958165016457,\n",
       " -0.9520190925750232,\n",
       " -0.9760619590915554,\n",
       " -0.9620844120907648,\n",
       " -0.9827867626932199,\n",
       " -0.9921170070651588,\n",
       " -0.980815659474315,\n",
       " -0.9496815016418463,\n",
       " -0.9537634938366606,\n",
       " -0.9583274993565649,\n",
       " -0.9494876249120591,\n",
       " -0.9704551828374419,\n",
       " -0.9797196486590806,\n",
       " -0.9954324729666154,\n",
       " -0.982920145116991,\n",
       " -0.9606907587001168,\n",
       " -0.9639751454002995,\n",
       " -0.9989177914578308,\n",
       " -0.9692244192523464,\n",
       " -0.9868921343421481,\n",
       " -0.9944476448429398,\n",
       " -0.9634704128687892,\n",
       " -0.9506439282024944,\n",
       " -0.9870928880481786,\n",
       " -0.9956900273529034,\n",
       " -0.9841609931847426,\n",
       " -0.956907573322305,\n",
       " -0.976656305632253,\n",
       " -0.9649047711805586,\n",
       " -0.9845106039147283,\n",
       " -0.9849700124198738,\n",
       " -0.969366611982571,\n",
       " -0.9854250832971154,\n",
       " -0.9627881612420099,\n",
       " -0.9483254552475636,\n",
       " -0.9869215797307573,\n",
       " -0.9593889247315477,\n",
       " -0.9778897998003575,\n",
       " -0.9671718291986753,\n",
       " -0.9657052538492473,\n",
       " -0.9734908708175173,\n",
       " -0.9654572990200193,\n",
       " -0.9957111256095559,\n",
       " -0.9988346542506762,\n",
       " -0.9720655892546818,\n",
       " -0.9781949092036542,\n",
       " -0.9585237515838545,\n",
       " -0.9781381703325536,\n",
       " -0.9834696894073264,\n",
       " -0.9756873428294205,\n",
       " -0.9664177189704396,\n",
       " -0.9656542218046938,\n",
       " -0.9693452367506584,\n",
       " -0.9562000514958189,\n",
       " -0.971112225002595,\n",
       " -0.9495882498476309,\n",
       " -0.980232667446836,\n",
       " -0.9787734632843827,\n",
       " -0.9956870134672442,\n",
       " -0.9952064587426587,\n",
       " -0.988849815144532,\n",
       " -0.9758134398827438,\n",
       " -0.9953526771740803,\n",
       " -0.9591720724788142,\n",
       " -0.9529378129451039,\n",
       " -0.9957505508038486,\n",
       " -0.9734819391184926,\n",
       " -0.9793507497806849,\n",
       " -0.9951640737068437,\n",
       " -0.9966980182970145,\n",
       " -0.9882769701468161,\n",
       " -0.9987184631510357,\n",
       " -0.9526085785555437,\n",
       " -0.9909653326267424,\n",
       " -0.9397121839534965,\n",
       " -0.9914779721116275,\n",
       " -0.9682692156092431,\n",
       " -0.9940651966565728,\n",
       " -0.9545670407652563,\n",
       " -0.9890719371821902,\n",
       " -0.9671362359512974,\n",
       " -0.9902880843571076,\n",
       " -0.993961713388393,\n",
       " -0.9921884333429677,\n",
       " -0.9947960709441901,\n",
       " -0.9907448186665995,\n",
       " -0.9896677864753236,\n",
       " -0.9709684713596829,\n",
       " -0.9837845001398041,\n",
       " -0.9859392797277255,\n",
       " -0.9824456010247324,\n",
       " -0.985961298180045,\n",
       " -0.9954434345163737,\n",
       " -0.9412346278718466,\n",
       " -0.9516664358588495,\n",
       " -0.944476581299857,\n",
       " -0.9724626870571114,\n",
       " -0.9909695330253496,\n",
       " -0.9662169816037836,\n",
       " -0.9825745065413342,\n",
       " -0.9881810817952106,\n",
       " -0.9507566787028401,\n",
       " -0.9811951715083419,\n",
       " -0.9438628491595233,\n",
       " -0.9590506408357087,\n",
       " -0.9950507604820091,\n",
       " -0.9923834665821644,\n",
       " -0.9567484551390564,\n",
       " -0.9668798709280167,\n",
       " -0.9881306703751606,\n",
       " -0.9624894667084939,\n",
       " -0.971039575677284,\n",
       " -0.9508380468304245,\n",
       " -0.9407084109803521,\n",
       " -0.9687956431458895,\n",
       " -0.988875717187186,\n",
       " -0.9629639798577571,\n",
       " -0.9893183024838779,\n",
       " -0.9633851920112344,\n",
       " -0.9945856423220591,\n",
       " -0.9893015497921365,\n",
       " -0.989282989510982,\n",
       " -0.9545902752663107,\n",
       " -0.9681217907457579,\n",
       " -0.9571165410605621,\n",
       " -0.979586744442212,\n",
       " -0.9731301834828772,\n",
       " -0.972888836120916,\n",
       " -0.9627443079950666,\n",
       " -0.9699010771833271,\n",
       " -0.9991889218640162,\n",
       " -0.9786788013911869,\n",
       " -0.9536410665970345,\n",
       " -0.9859162263714084,\n",
       " -0.9672738818784388,\n",
       " -0.9767005156847395,\n",
       " -0.9876598985463856,\n",
       " -0.9936600640885699,\n",
       " -0.9547386218705769,\n",
       " -0.9524283647786629,\n",
       " -0.9597118672243736,\n",
       " -0.9957116901504477,\n",
       " -0.9851661011888787,\n",
       " -0.9899978471322854,\n",
       " -0.9629544994611389,\n",
       " -0.9995162030470324,\n",
       " -0.9840707742806023,\n",
       " -0.9917198680287955,\n",
       " -0.9985748424158466,\n",
       " -0.9787275159978589,\n",
       " -0.9948313388998596,\n",
       " -0.9725845035158056,\n",
       " -0.9980307558474051,\n",
       " -0.9430787003210225,\n",
       " -0.9995862042538616,\n",
       " -0.9774963029072806,\n",
       " -0.9716744083896446,\n",
       " -0.9757149785171257,\n",
       " -0.9881592445807457,\n",
       " -0.9802355562918283,\n",
       " -0.9945796030980917,\n",
       " -0.9903929259662014,\n",
       " -0.95620672907471,\n",
       " -0.9855789371447302,\n",
       " -0.9784293919652982,\n",
       " -0.9850048095551498,\n",
       " -0.9790203133849475,\n",
       " -0.9821273269367993,\n",
       " -0.943556105101643,\n",
       " -0.9629041441840839,\n",
       " -0.9630069615876213,\n",
       " -0.9791267952144141,\n",
       " -0.9644781474925717,\n",
       " -0.9961989884875183,\n",
       " -0.9995535562442351,\n",
       " -0.9761852426576141,\n",
       " -0.9989190055425173,\n",
       " -0.9485153092119328,\n",
       " -0.9618842188431279,\n",
       " -0.9683831763665347,\n",
       " -0.9933186480404321,\n",
       " -0.9749835914193679,\n",
       " -0.9934180187763479,\n",
       " -0.9970616648060796,\n",
       " -0.9572023673693415,\n",
       " -0.9762396609617168,\n",
       " -0.9695690424714591,\n",
       " -0.9923135541260504,\n",
       " -0.9881894793085237,\n",
       " -0.9962682224872133,\n",
       " -0.9990651856158331,\n",
       " -0.964563926001777,\n",
       " -0.9790754222462108,\n",
       " -0.9598376318188785,\n",
       " -0.9891864931793987,\n",
       " -0.9654959666012245,\n",
       " -0.9798779231200336,\n",
       " -0.9846354006321872,\n",
       " -0.9541489681548249,\n",
       " -0.9955167582225433,\n",
       " -0.9966219338984436,\n",
       " -0.9832867459158081,\n",
       " -0.9986592852242226,\n",
       " -0.9439044974175012,\n",
       " -0.9730686132367219,\n",
       " -0.9759718488006575,\n",
       " -0.9668527315851879,\n",
       " -0.971106349777271,\n",
       " -0.9965241465114659,\n",
       " -0.9718246337974217,\n",
       " -0.9568701095719898,\n",
       " -0.9959471703880974,\n",
       " -0.9741028903202462,\n",
       " -0.973523271760722,\n",
       " -0.9965955945857801,\n",
       " -0.9418310267707962,\n",
       " -0.971551618880939,\n",
       " -0.9988004414387288,\n",
       " -0.9825881809136661,\n",
       " -0.9931383780510176,\n",
       " -0.9746849516678133,\n",
       " -0.9986400432990242,\n",
       " -0.9863950711756997,\n",
       " -0.9682662101895714,\n",
       " -0.9859584998869597,\n",
       " -1.0,\n",
       " -1.0]"
      ]
     },
     "execution_count": 17,
     "metadata": {},
     "output_type": "execute_result"
    }
   ],
   "source": [
    "fmins"
   ]
  },
  {
   "cell_type": "code",
   "execution_count": 18,
   "metadata": {},
   "outputs": [
    {
     "data": {
      "text/html": [
       "<div>\n",
       "<style scoped>\n",
       "    .dataframe tbody tr th:only-of-type {\n",
       "        vertical-align: middle;\n",
       "    }\n",
       "\n",
       "    .dataframe tbody tr th {\n",
       "        vertical-align: top;\n",
       "    }\n",
       "\n",
       "    .dataframe thead th {\n",
       "        text-align: right;\n",
       "    }\n",
       "</style>\n",
       "<table border=\"1\" class=\"dataframe\">\n",
       "  <thead>\n",
       "    <tr style=\"text-align: right;\">\n",
       "      <th></th>\n",
       "      <th>gym_name</th>\n",
       "      <th>gym_times</th>\n",
       "      <th>activity</th>\n",
       "      <th>distance</th>\n",
       "      <th>preference_score</th>\n",
       "      <th>pro_status</th>\n",
       "      <th>geometry</th>\n",
       "    </tr>\n",
       "  </thead>\n",
       "  <tbody>\n",
       "    <tr>\n",
       "      <th>0</th>\n",
       "      <td>Barre Loft</td>\n",
       "      <td>4</td>\n",
       "      <td>[barre]</td>\n",
       "      <td>8.037378</td>\n",
       "      <td>1.0</td>\n",
       "      <td>1</td>\n",
       "      <td>POINT (2787045.803 824321.004)</td>\n",
       "    </tr>\n",
       "    <tr>\n",
       "      <th>1</th>\n",
       "      <td>Barre MX Condesa</td>\n",
       "      <td>4</td>\n",
       "      <td>[barre]</td>\n",
       "      <td>2.950696</td>\n",
       "      <td>1.0</td>\n",
       "      <td>1</td>\n",
       "      <td>POINT (2796623.690 826647.754)</td>\n",
       "    </tr>\n",
       "    <tr>\n",
       "      <th>2</th>\n",
       "      <td>Barre Studio | Fer Díez</td>\n",
       "      <td>4</td>\n",
       "      <td>[barre]</td>\n",
       "      <td>5.098135</td>\n",
       "      <td>1.0</td>\n",
       "      <td>1</td>\n",
       "      <td>POINT (2794135.268 819122.823)</td>\n",
       "    </tr>\n",
       "    <tr>\n",
       "      <th>3</th>\n",
       "      <td>BodyBarre by JbStudio Lomas</td>\n",
       "      <td>4</td>\n",
       "      <td>[barre]</td>\n",
       "      <td>4.632854</td>\n",
       "      <td>1.0</td>\n",
       "      <td>1</td>\n",
       "      <td>POINT (2791978.527 827573.143)</td>\n",
       "    </tr>\n",
       "    <tr>\n",
       "      <th>4</th>\n",
       "      <td>BodyBarrebyJbStudio Interlomas</td>\n",
       "      <td>3</td>\n",
       "      <td>[barre]</td>\n",
       "      <td>9.405212</td>\n",
       "      <td>1.0</td>\n",
       "      <td>1</td>\n",
       "      <td>POINT (2785779.854 825527.914)</td>\n",
       "    </tr>\n",
       "    <tr>\n",
       "      <th>5</th>\n",
       "      <td>Bodybarre by JBStudio Polanco</td>\n",
       "      <td>4</td>\n",
       "      <td>[barre]</td>\n",
       "      <td>4.961001</td>\n",
       "      <td>1.0</td>\n",
       "      <td>1</td>\n",
       "      <td>POINT (2793060.779 828663.521)</td>\n",
       "    </tr>\n",
       "  </tbody>\n",
       "</table>\n",
       "</div>"
      ],
      "text/plain": [
       "                         gym_name  gym_times activity  distance  \\\n",
       "0                      Barre Loft          4  [barre]  8.037378   \n",
       "1                Barre MX Condesa          4  [barre]  2.950696   \n",
       "2         Barre Studio | Fer Díez          4  [barre]  5.098135   \n",
       "3     BodyBarre by JbStudio Lomas          4  [barre]  4.632854   \n",
       "4  BodyBarrebyJbStudio Interlomas          3  [barre]  9.405212   \n",
       "5   Bodybarre by JBStudio Polanco          4  [barre]  4.961001   \n",
       "\n",
       "   preference_score  pro_status                        geometry  \n",
       "0               1.0           1  POINT (2787045.803 824321.004)  \n",
       "1               1.0           1  POINT (2796623.690 826647.754)  \n",
       "2               1.0           1  POINT (2794135.268 819122.823)  \n",
       "3               1.0           1  POINT (2791978.527 827573.143)  \n",
       "4               1.0           1  POINT (2785779.854 825527.914)  \n",
       "5               1.0           1  POINT (2793060.779 828663.521)  "
      ]
     },
     "execution_count": 18,
     "metadata": {},
     "output_type": "execute_result"
    }
   ],
   "source": [
    "df_010, _ = fitpass_optimization(example1, {'distance': 0, 'preference': 1, 'activity': 0})\n",
    "df_010"
   ]
  },
  {
   "cell_type": "code",
   "execution_count": 19,
   "metadata": {},
   "outputs": [],
   "source": [
    "# transformation matrix\n",
    "A = np.array([\n",
    "    [0, 0.5, 1],\n",
    "    [0, np.sqrt(3)/2, 0]\n",
    "])"
   ]
  },
  {
   "cell_type": "code",
   "execution_count": 20,
   "metadata": {},
   "outputs": [
    {
     "data": {
      "text/plain": [
       "array([[0.49571134, 0.5009378 ],\n",
       "       [0.16353016, 0.16198937],\n",
       "       [0.05268744, 0.0516658 ],\n",
       "       [0.41193744, 0.18290359],\n",
       "       [0.83871594, 0.22540712],\n",
       "       [0.29453263, 0.11556675],\n",
       "       [0.5144015 , 0.54699499],\n",
       "       [0.70973801, 0.43120108],\n",
       "       [0.63452119, 0.61307995],\n",
       "       [0.64985201, 0.50936868],\n",
       "       [0.21847997, 0.09709916],\n",
       "       [0.61023693, 0.13592375],\n",
       "       [0.54594724, 0.47495381],\n",
       "       [0.58234497, 0.66232352],\n",
       "       [0.24024102, 0.07196931],\n",
       "       [0.37268048, 0.2477387 ],\n",
       "       [0.75821537, 0.04851189],\n",
       "       [0.53489713, 0.27114374],\n",
       "       [0.28894453, 0.47750515],\n",
       "       [0.40271124, 0.55870137],\n",
       "       [0.15499707, 0.08941461],\n",
       "       [0.27292994, 0.20615205],\n",
       "       [0.60376109, 0.39678874],\n",
       "       [0.57544107, 0.36042297],\n",
       "       [0.48045153, 0.65041394],\n",
       "       [0.51804135, 0.68143421],\n",
       "       [0.23304966, 0.05162289],\n",
       "       [0.35127944, 0.3814861 ],\n",
       "       [0.62093117, 0.57190442],\n",
       "       [0.52373879, 0.72726848],\n",
       "       [0.48270236, 0.35636915],\n",
       "       [0.39717513, 0.08150707],\n",
       "       [0.52392948, 0.03714768],\n",
       "       [0.40448592, 0.61071834],\n",
       "       [0.79412503, 0.33286875],\n",
       "       [0.20876921, 0.31715477],\n",
       "       [0.44356561, 0.28528393],\n",
       "       [0.52546045, 0.05517678],\n",
       "       [0.40786271, 0.08727447],\n",
       "       [0.51324374, 0.51440502],\n",
       "       [0.34426865, 0.54093147],\n",
       "       [0.48411981, 0.77596519],\n",
       "       [0.45933672, 0.63147604],\n",
       "       [0.67758707, 0.16264912],\n",
       "       [0.04318121, 0.04651173],\n",
       "       [0.56206407, 0.45884129],\n",
       "       [0.38295827, 0.46382192],\n",
       "       [0.45120423, 0.72883738],\n",
       "       [0.475919  , 0.08261232],\n",
       "       [0.38246394, 0.31230682],\n",
       "       [0.35942093, 0.10865223],\n",
       "       [0.46708409, 0.69280131],\n",
       "       [0.80113312, 0.23550927],\n",
       "       [0.60712622, 0.55644156],\n",
       "       [0.24756164, 0.24316708],\n",
       "       [0.62646307, 0.58318371],\n",
       "       [0.46998849, 0.50081369],\n",
