{
 "cells": [
  {
   "cell_type": "markdown",
   "metadata": {},
   "source": [
    "# Weight Searching\n",
    "\n"
   ]
  },
  {
   "cell_type": "code",
   "execution_count": 9,
   "metadata": {},
   "outputs": [],
   "source": [
    "import pandas as pd\n",
    "import numpy as np\n",
    "import matplotlib.pyplot as plt\n",
    "import seaborn as sns\n",
    "from tqdm import tqdm\n",
    "from fitpass import fitpass_optimization"
   ]
  },
  {
   "cell_type": "markdown",
   "metadata": {},
   "source": [
    "# Example"
   ]
  },
  {
   "cell_type": "code",
   "execution_count": 46,
   "metadata": {},
   "outputs": [],
   "source": [
    "example1 = {\n",
    "    # user info\n",
    "    \"name\": \"maritrini\",\n",
    "    # location\n",
    "    \"location\": {\n",
    "        \"longitude\": -99.2785640769574,\n",
    "        \"latitude\": 19.331333823356587,\n",
    "    },\n",
    "    # user loss distance to studios\n",
    "    \"distance_sensitivity\": 'medium', # low, medium, high\n",
    "    # user preferences\n",
    "    \"preferences\": {\n",
    "        \"love_activities\": [\"box\", \"wellness\", \"yoga\"],\n",
    "        \"hate_activities\": [\"running\", \"mma\"],\n",
    "    },\n",
    "    # constraints\n",
    "    \"is_pro\": 1,\n",
    "    \"max_allowed_classes_per_class\": 4,\n",
    "    \"num_classes_per_month\": 15,\n",
    "}\n",
    "\n",
    "# example weights\n",
    "WEIGHTS = {\n",
    "    'distance': 0.6,\n",
    "    'preference': 0.3,\n",
    "    'activity': 0.1\n",
    "}\n",
    "\n",
    "# solve\n",
    "df_ex1, fmin = fitpass_optimization(example1, WEIGHTS)"
   ]
  },
  {
   "cell_type": "code",
   "execution_count": 47,
   "metadata": {},
   "outputs": [
    {
     "data": {
      "text/plain": [
       "-0.9762619607546269"
      ]
     },
     "execution_count": 47,
     "metadata": {},
     "output_type": "execute_result"
    }
   ],
   "source": [
    "fmin"
   ]
  },
  {
   "cell_type": "code",
   "execution_count": 48,
   "metadata": {},
   "outputs": [
    {
     "data": {
      "text/html": [
       "<div>\n",
       "<style scoped>\n",
       "    .dataframe tbody tr th:only-of-type {\n",
       "        vertical-align: middle;\n",
       "    }\n",
       "\n",
       "    .dataframe tbody tr th {\n",
       "        vertical-align: top;\n",
       "    }\n",
       "\n",
       "    .dataframe thead th {\n",
       "        text-align: right;\n",
       "    }\n",
       "</style>\n",
       "<table border=\"1\" class=\"dataframe\">\n",
       "  <thead>\n",
       "    <tr style=\"text-align: right;\">\n",
       "      <th></th>\n",
       "      <th>gym_name</th>\n",
       "      <th>gym_times</th>\n",
       "      <th>activity</th>\n",
       "      <th>distance</th>\n",
       "      <th>preference_score</th>\n",
       "      <th>pro_status</th>\n",
       "      <th>geometry</th>\n",
       "    </tr>\n",
       "  </thead>\n",
       "  <tbody>\n",
       "    <tr>\n",
       "      <th>0</th>\n",
       "      <td>El T3mplo Santa Fe Outdoors</td>\n",
       "      <td>4</td>\n",
       "      <td>[box, functional, hiit, mma, wellness, yoga]</td>\n",
       "      <td>2.900263</td>\n",
       "      <td>1.0</td>\n",
       "      <td>1</td>\n",
       "      <td>POINT (2785181.701 820485.376)</td>\n",
       "    </tr>\n",
       "    <tr>\n",
       "      <th>1</th>\n",
       "      <td>Fever Club Pedregal</td>\n",
       "      <td>1</td>\n",
       "      <td>[crossfit, cycling, functional, hiit, running,...</td>\n",
       "      <td>7.166054</td>\n",
       "      <td>1.0</td>\n",
       "      <td>1</td>\n",
       "      <td>POINT (2792164.677 816086.032)</td>\n",
       "    </tr>\n",
       "    <tr>\n",
       "      <th>2</th>\n",
       "      <td>Jazzercise Cuajimalpa</td>\n",
       "      <td>4</td>\n",
       "      <td>[barre, dance, functional, pilates, yoga]</td>\n",
       "      <td>2.830060</td>\n",
       "      <td>1.0</td>\n",
       "      <td>1</td>\n",
       "      <td>POINT (2783440.366 819835.046)</td>\n",
       "    </tr>\n",
       "    <tr>\n",
       "      <th>3</th>\n",
       "      <td>La Fabrica Santa Fe</td>\n",
       "      <td>2</td>\n",
       "      <td>[barre, box, cycling, functional, gym, hiit, y...</td>\n",
       "      <td>3.545510</td>\n",
       "      <td>1.0</td>\n",
       "      <td>1</td>\n",
       "      <td>POINT (2785899.077 821052.241)</td>\n",
       "    </tr>\n",
       "    <tr>\n",
       "      <th>4</th>\n",
       "      <td>Rumble Boxing Gym</td>\n",
       "      <td>4</td>\n",
       "      <td>[box, functional]</td>\n",
       "      <td>2.847133</td>\n",
       "      <td>1.0</td>\n",
       "      <td>1</td>\n",
       "      <td>POINT (2785550.505 820405.053)</td>\n",
       "    </tr>\n",
       "  </tbody>\n",
       "</table>\n",
       "</div>"
      ],
      "text/plain": [
       "                      gym_name  gym_times   \n",
       "0  El T3mplo Santa Fe Outdoors          4  \\\n",
       "1          Fever Club Pedregal          1   \n",
       "2        Jazzercise Cuajimalpa          4   \n",
       "3          La Fabrica Santa Fe          2   \n",
       "4            Rumble Boxing Gym          4   \n",
       "\n",
       "                                            activity  distance   \n",
       "0       [box, functional, hiit, mma, wellness, yoga]  2.900263  \\\n",
       "1  [crossfit, cycling, functional, hiit, running,...  7.166054   \n",
       "2          [barre, dance, functional, pilates, yoga]  2.830060   \n",
       "3  [barre, box, cycling, functional, gym, hiit, y...  3.545510   \n",
       "4                                  [box, functional]  2.847133   \n",
       "\n",
       "   preference_score  pro_status                        geometry  \n",
       "0               1.0           1  POINT (2785181.701 820485.376)  \n",
       "1               1.0           1  POINT (2792164.677 816086.032)  \n",
       "2               1.0           1  POINT (2783440.366 819835.046)  \n",
       "3               1.0           1  POINT (2785899.077 821052.241)  \n",
       "4               1.0           1  POINT (2785550.505 820405.053)  "
      ]
     },
     "execution_count": 48,
     "metadata": {},
     "output_type": "execute_result"
    }
   ],
   "source": [
    "df_ex1"
   ]
  },
  {
   "cell_type": "markdown",
   "metadata": {},
   "source": [
    "## Example 2"
   ]
  },
  {
   "cell_type": "code",
   "execution_count": 16,
   "metadata": {},
   "outputs": [],
   "source": [
    "# example weights\n",
    "WEIGHTS = {\n",
    "    'distance': 0.9,\n",
    "    'preference': 0.05,\n",
    "    'activity': 0.05\n",
    "}\n",
    "\n",
    "# solve\n",
    "df_ex1, fmin = fitpass_optimization(example1, WEIGHTS)"
   ]
  },
  {
   "cell_type": "code",
   "execution_count": 17,
   "metadata": {},
   "outputs": [
    {
     "data": {
      "text/plain": [
       "-0.9617320397563542"
      ]
     },
     "execution_count": 17,
     "metadata": {},
     "output_type": "execute_result"
    }
   ],
   "source": [
    "fmin"
   ]
  },
  {
   "cell_type": "markdown",
   "metadata": {},
   "source": [
    "# Evaluate with dirichletm"
   ]
  },
  {
   "cell_type": "code",
   "execution_count": 49,
   "metadata": {},
   "outputs": [
    {
     "data": {
      "text/plain": [
       "array([[0.21507209, 0.57843315, 0.20649476],\n",
       "       [0.74294523, 0.18704922, 0.07000555],\n",
       "       [0.9174833 , 0.05965852, 0.02285817],\n",
       "       [0.48246313, 0.21119888, 0.306338  ],\n",
       "       [0.0311452 , 0.26027772, 0.70857708],\n",
       "       [0.63874488, 0.13344499, 0.22781013],\n",
       "       [0.1697908 , 0.63161541, 0.19859379],\n",
       "       [0.04130793, 0.49790812, 0.46078394],\n",
       "       [0.01151693, 0.70792374, 0.28055932],\n",
       "       [0.05606385, 0.58816829, 0.35576786],\n",
       "       [0.72545981, 0.11212046, 0.16241974],\n",
       "       [0.31128745, 0.15695123, 0.53176132],\n",
       "       [0.17983805, 0.54842942, 0.27173252],\n",
       "       [0.03526237, 0.76478533, 0.19995231],\n",
       "       [0.71820748, 0.083103  , 0.19868952],\n",
       "       [0.48428751, 0.28606401, 0.22964847],\n",
       "       [0.21377628, 0.0560167 , 0.73020702],\n",
       "       [0.30855795, 0.31308982, 0.37835222],\n",
       "       [0.43536774, 0.55137545, 0.01325681],\n",
       "       [0.27472237, 0.64513278, 0.08014485],\n",
       "       [0.79337938, 0.1032471 , 0.10337352],\n",
       "       [0.60804812, 0.23804388, 0.153908  ],\n",
       "       [0.16715283, 0.45817217, 0.37467501],\n",
       "       [0.21646863, 0.4161806 , 0.36735076],\n",
       "       [0.14403181, 0.75103332, 0.10493487],\n",
       "       [0.08853243, 0.78685245, 0.12461512],\n",
       "       [0.73714585, 0.05960898, 0.20324517],\n",
       "       [0.42846946, 0.4405022 , 0.13102834],\n",
       "       [0.04887966, 0.66037834, 0.290742  ],\n",
       "       [0.05637256, 0.8397773 , 0.10385014],\n",
       "       [0.31154782, 0.41149965, 0.27695253],\n",
       "       [0.55576674, 0.09411626, 0.350117  ],\n",
       "       [0.4546233 , 0.04289444, 0.50248226],\n",
       "       [0.24291568, 0.7051968 , 0.05188752],\n",
       "       [0.01369311, 0.38436372, 0.60194317],\n",
       "       [0.6081214 , 0.36621878, 0.02565982],\n",
       "       [0.39172564, 0.32941751, 0.27885686],\n",
       "       [0.44268322, 0.06371266, 0.49360412],\n",
       "       [0.54174935, 0.10077588, 0.35747478],\n",
       "       [0.18976438, 0.59398376, 0.21625186],\n",
       "       [0.34342442, 0.62461386, 0.03196173],\n",
       "       [0.06787647, 0.89600742, 0.0361161 ],\n",
       "       [0.17608042, 0.72916573, 0.09475386],\n",
       "       [0.22850742, 0.18781103, 0.58368155],\n",
       "       [0.92996523, 0.05370712, 0.01632765],\n",
       "       [0.17302379, 0.52982428, 0.29715193],\n",
       "       [0.34925402, 0.53557542, 0.11517056],\n",
       "       [0.12800132, 0.84158891, 0.03040977],\n",
       "       [0.47638475, 0.09539249, 0.42822275],\n",
       "       [0.43722564, 0.36062085, 0.20215351],\n",
       "       [0.57784867, 0.12546079, 0.29669053],\n",
       "       [0.13292688, 0.79997805, 0.06709507],\n",
       "       [0.06289554, 0.27194268, 0.66516178],\n",
       "       [0.0716121 , 0.64252337, 0.28586453],\n",
       "       [0.61204578, 0.28078516, 0.10716906],\n",
       "       [0.03683566, 0.67340255, 0.28976179],\n",
       "       [0.24086659, 0.57828983, 0.18084358],\n",
       "       [0.74208839, 0.11255598, 0.14535564],\n",
       "       [0.32371411, 0.45336516, 0.22292073],\n",
       "       [0.14218136, 0.14303858, 0.71478006],\n",
       "       [0.33060779, 0.16938249, 0.50000972],\n",
       "       [0.66130421, 0.09872506, 0.23997073],\n",
       "       [0.0577803 , 0.4159461 , 0.5262736 ],\n",
       "       [0.46181958, 0.11435499, 0.42382542],\n",
       "       [0.47928349, 0.38151015, 0.13920636],\n",
       "       [0.77548862, 0.18433873, 0.04017265],\n",
       "       [0.03588765, 0.05890963, 0.90520272],\n",
       "       [0.08271948, 0.15110358, 0.76617694],\n",
       "       [0.24592364, 0.10393732, 0.65013904],\n",
       "       [0.1298956 , 0.83054413, 0.03956028],\n",
       "       [0.0485533 , 0.4045723 , 0.54687441],\n",
       "       [0.23771115, 0.38265095, 0.3796379 ],\n",
       "       [0.62169408, 0.05154337, 0.32676255],\n",
       "       [0.07759369, 0.03111592, 0.89129039],\n",
       "       [0.20737011, 0.46829705, 0.32433284],\n",
       "       [0.21348979, 0.75250135, 0.03400886],\n",
       "       [0.82144105, 0.16042307, 0.01813589],\n",
       "       [0.5855791 , 0.40085373, 0.01356717],\n",
       "       [0.2863208 , 0.34134071, 0.37233849],\n",
       "       [0.45350501, 0.27396523, 0.27252976],\n",
       "       [0.20588602, 0.61544856, 0.17866542],\n",
       "       [0.09428778, 0.04316503, 0.86254719],\n",
       "       [0.22946221, 0.48760468, 0.28293311],\n",
       "       [0.60185513, 0.33281536, 0.06532951],\n",
       "       [0.55583795, 0.22045502, 0.22370703],\n",
       "       [0.91398457, 0.08408297, 0.00193246],\n",
       "       [0.60417407, 0.28182617, 0.11399977],\n",
       "       [0.35338296, 0.55192997, 0.09468708],\n",
       "       [0.2425715 , 0.41502341, 0.34240509],\n",
       "       [0.05463179, 0.4779387 , 0.46742951],\n",
       "       [0.20429064, 0.16932888, 0.62638048],\n",
       "       [0.47017437, 0.42696926, 0.10285637],\n",
       "       [0.91300866, 0.04421761, 0.04277373],\n",
       "       [0.0129442 , 0.3577636 , 0.62929219],\n",
       "       [0.40972185, 0.08674976, 0.50352839],\n",
       "       [0.15678203, 0.82226122, 0.02095676],\n",
       "       [0.06641123, 0.85306161, 0.08052716],\n",
       "       [0.43692717, 0.25497168, 0.30810114],\n",
       "       [0.59034363, 0.34949585, 0.06016052],\n",
       "       [0.15438083, 0.14162645, 0.70399272],\n",
       "       [0.0515512 , 0.08373917, 0.86470963],\n",
       "       [0.18944897, 0.40264   , 0.40791104],\n",
       "       [0.51542472, 0.45656756, 0.02800772],\n",
       "       [0.43017898, 0.04471193, 0.52510909],\n",
       "       [0.41977094, 0.36696175, 0.21326731],\n",
       "       [0.1852673 , 0.73065092, 0.08408178],\n",
       "       [0.17977236, 0.28337577, 0.53685188],\n",
       "       [0.36640326, 0.17653502, 0.45706173],\n",
       "       [0.17432929, 0.31286392, 0.51280678],\n",
       "       [0.44508753, 0.2536001 , 0.30131237],\n",
       "       [0.72939802, 0.13430064, 0.13630133],\n",
       "       [0.4562987 , 0.00827845, 0.53542285],\n",
       "       [0.71281834, 0.08262514, 0.20455652],\n",
       "       [0.26445816, 0.43150651, 0.30403534],\n",
       "       [0.39265486, 0.33745396, 0.26989118],\n",
       "       [0.84026964, 0.04218573, 0.11754464],\n",
       "       [0.31707336, 0.39787661, 0.28505003],\n",
       "       [0.4131622 , 0.21420873, 0.37262907],\n",
       "       [0.05129885, 0.78401824, 0.16468291],\n",
       "       [0.0139386 , 0.49570331, 0.49035809],\n",
       "       [0.33412103, 0.25224964, 0.41362933],\n",
       "       [0.26080877, 0.12062271, 0.61856852],\n",
       "       [0.50853588, 0.17796079, 0.31350333],\n",
       "       [0.26148742, 0.21438787, 0.52412471],\n",
       "       [0.19771759, 0.2506967 , 0.55158571],\n",
       "       [0.29080155, 0.59494226, 0.11425619],\n",
       "       [0.40167471, 0.38555711, 0.21276819],\n",
       "       [0.41080683, 0.3757894 , 0.21340377],\n",
       "       [0.80825998, 0.03409952, 0.1576405 ],\n",
       "       [0.52388733, 0.4029723 , 0.07314038],\n",
       "       [0.7988617 , 0.02987123, 0.17126707],\n",
       "       [0.68828747, 0.13727091, 0.17444162],\n",
       "       [0.49381254, 0.02365468, 0.48253278],\n",
       "       [0.26902224, 0.07358881, 0.65738895],\n",
       "       [0.05158725, 0.78007779, 0.16833496],\n",
       "       [0.05733512, 0.80713942, 0.13552546],\n",
       "       [0.13336638, 0.47101015, 0.39562347],\n",
       "       [0.28929332, 0.59007169, 0.12063499],\n",
       "       [0.05558622, 0.56172391, 0.38268987],\n",
       "       [0.48833924, 0.37908032, 0.13258044],\n",
       "       [0.56290667, 0.28560981, 0.15148351],\n",
       "       [0.05082729, 0.19264534, 0.75652738],\n",
       "       [0.31718019, 0.63341765, 0.04940216],\n",
       "       [0.24698386, 0.10778303, 0.64523311],\n",
       "       [0.05784209, 0.13431748, 0.80784043],\n",
       "       [0.03949471, 0.1083766 , 0.85212869],\n",
       "       [0.14021813, 0.15009122, 0.70969065],\n",
       "       [0.01532835, 0.73451832, 0.25015333],\n",
       "       [0.86696812, 0.09163834, 0.04139355],\n",
       "       [0.10806286, 0.36201127, 0.52992587],\n",
       "       [0.76350935, 0.21014522, 0.02634543],\n",
       "       [0.10193122, 0.51836052, 0.37970825],\n",
       "       [0.37952912, 0.33119059, 0.28928029],\n",
       "       [0.07098566, 0.39220273, 0.53681161],\n",
       "       [0.54341962, 0.2412119 , 0.21536847],\n",
       "       [0.28275364, 0.0124835 , 0.70476286],\n",
       "       [0.39308059, 0.52767333, 0.07924608],\n",
       "       [0.27153805, 0.00986215, 0.71859979],\n",
       "       [0.07222341, 0.45673167, 0.47104491],\n",
       "       [0.09343346, 0.77997421, 0.12659233],\n",
       "       [0.06224374, 0.70746042, 0.23029584],\n",
       "       [0.11070041, 0.20315085, 0.68614874],\n",
       "       [0.1235827 , 0.23995619, 0.63646111],\n",
       "       [0.36578413, 0.10495144, 0.52926443],\n",
       "       [0.19395217, 0.19028386, 0.61576397],\n",
       "       [0.16817904, 0.52954703, 0.30227393],\n",
       "       [0.20996662, 0.51668207, 0.27335131],\n",
       "       [0.16791568, 0.80077044, 0.03131389],\n",
       "       [0.05450068, 0.27454562, 0.6709537 ],\n",
       "       [0.74403481, 0.20522485, 0.05074035],\n",
       "       [0.61892343, 0.15489582, 0.22618075],\n",
       "       [0.68772893, 0.22434363, 0.08792744],\n",
       "       [0.32937137, 0.41412894, 0.25649969],\n",
       "       [0.10801262, 0.12271317, 0.76927421],\n",
       "       [0.89771934, 0.03715475, 0.06512591],\n",
       "       [0.20842479, 0.36307233, 0.42850288],\n",
       "       [0.14136504, 0.11312905, 0.74550591],\n",
       "       [0.64171713, 0.14747472, 0.21080814],\n",
       "       [0.2249229 , 0.10736159, 0.66771551],\n",
       "       [0.69636375, 0.22476278, 0.07887348],\n",
       "       [0.56230607, 0.11064256, 0.32705137],\n",
       "       [0.05919742, 0.06466629, 0.87613629],\n",
       "       [0.09110069, 0.39834847, 0.51055084],\n",
       "       [0.73728805, 0.09097429, 0.17173766],\n",
       "       [0.39614695, 0.26839236, 0.33546069],\n",
       "       [0.14196801, 0.30783125, 0.55020074],\n",
       "       [0.44866018, 0.23339883, 0.31794099],\n",
       "       [0.39539535, 0.07886187, 0.52574278],\n",
       "       [0.63594322, 0.1503074 , 0.21374938],\n",
       "       [0.73815926, 0.23207475, 0.02976599],\n",
       "       [0.37323256, 0.40022672, 0.22654071],\n",
       "       [0.13305657, 0.40604087, 0.46090256],\n",
       "       [0.50797802, 0.10022768, 0.39179431],\n",
       "       [0.12776284, 0.30468186, 0.5675553 ],\n",
       "       [0.43794649, 0.27635096, 0.28570255],\n",
       "       [0.06476066, 0.87446109, 0.06077825],\n",
       "       [0.13328936, 0.04168068, 0.82502996],\n",
       "       [0.12818522, 0.38032943, 0.49148536],\n",
       "       [0.54528081, 0.21774556, 0.23697363],\n",
       "       [0.44166371, 0.08508029, 0.473256  ],\n",
       "       [1.        , 0.        , 0.        ],\n",
       "       [0.        , 1.        , 0.        ],\n",
       "       [0.        , 0.        , 1.        ]])"
      ]
     },
     "execution_count": 49,
     "metadata": {},
     "output_type": "execute_result"
    }
   ],
   "source": [
    "# distribute weights using dirichlet\n",
    "rng = np.random.default_rng(8)\n",
    "weights = rng.dirichlet(np.ones(3), size=200)\n",
    "\n",
    "# add wieghts (1,0,0), (0,1,0), (0,0,1)\n",
    "weights = np.vstack([weights, np.array([1,0,0]), np.array([0,1,0]), np.array([0,0,1])])\n",
    "weights"
   ]
  },
  {
   "cell_type": "code",
   "execution_count": 50,
   "metadata": {},
   "outputs": [
    {
     "name": "stderr",
     "output_type": "stream",
     "text": [
      "100%|██████████| 203/203 [01:50<00:00,  1.84it/s]\n"
     ]
    }
   ],
   "source": [
    "# function to map weight to dictionary\n",
    "def map_weights_to_dict(weights):\n",
    "    return {\n",
    "        'distance': weights[0],\n",
    "        'preference': weights[1],\n",
    "        'activity': weights[2]\n",
    "    }\n",
    "\n",
    "fmins = []\n",
    "for w in tqdm(weights):\n",
    "    _, fmin = fitpass_optimization(example1, map_weights_to_dict(w))\n",
    "    fmins.append(fmin)"
   ]
  },
  {
   "cell_type": "code",
   "execution_count": 37,
   "metadata": {},
   "outputs": [
    {
     "data": {
      "text/plain": [
       "[-0.9820187548020525,\n",
       " -0.9419424270798237,\n",
       " -0.9606591760337786,\n",
       " -0.9596633493336273,\n",
       " -0.9973960846895693,\n",
       " -0.9522691593322867,\n",
       " -0.9858045274619656,\n",
       " -0.996546422793376,\n",
       " -0.9990371190472248,\n",
       " -0.9953127447190695,\n",
       " -0.9523314904964394,\n",
       " -0.973974605399274,\n",
       " -0.9849645198695118,\n",
       " -0.9970518663999082,\n",
       " -0.9591150837612686,\n",
       " -0.959510820195284,\n",
       " -0.9832180760191153,\n",
       " -0.9742028068589205,\n",
       " -0.9639038486289063,\n",
       " -0.977031653222161,\n",
       " -0.9522480243318585,\n",
       " -0.9495289457077626,\n",
       " -0.9860250766241683,\n",
       " -0.981901995880056,\n",
       " -0.9879581245387913,\n",
       " -0.9925981874043975,\n",
       " -0.9638441164037064,\n",
       " -0.9641775256335592,\n",
       " -0.9959133831038895,\n",
       " -0.9952869348530449,\n",
       " -0.973952837535827,\n",
       " -0.961912187524386,\n",
       " -0.9763151608705427,\n",
       " -0.9796908726254168,\n",
       " -0.9988551782653263,\n",
       " -0.9491576056559343,\n",
       " -0.9672495175647908,\n",
       " -0.9719757826829233,\n",
       " -0.9614589056072489,\n",
       " -0.9841346230031718,\n",
       " -0.9712877729995879,\n",
       " -0.994325142157446,\n",
       " -0.9852786795367294,\n",
       " -0.9808954852624499,\n",
       " -0.9633010624059826,\n",
       " -0.9855342310845844,\n",
       " -0.9708003849282361,\n",
       " -0.9892983646988578,\n",
       " -0.9650485249419466,\n",
       " -0.963445459772332,\n",
       " -0.9562956664129514,\n",
       " -0.9888865596018057,\n",
       " -0.994741576322625,\n",
       " -0.9940128228423092,\n",
       " -0.9488295053044743,\n",
       " -0.9969203300444107,\n",
       " -0.9798621885048906,\n",
       " -0.9517214297317066,\n",
       " -0.9729356663117852,\n",
       " -0.988112832441533,\n",
       " -0.9723593154244239,\n",
       " -0.9573338297480032,\n",
       " -0.995169239802919,\n",
       " -0.9639776796378466,\n",
       " -0.9599291847161691,\n",
       " -0.9399591677410895,\n",
       " -0.9969995889786927,\n",
       " -0.9930841829525825,\n",
       " -0.9794393904325374,\n",
       " -0.9891399919941366,\n",
       " -0.9959406692453995,\n",
       " -0.9801260009663672,\n",
       " -0.9692196422661462,\n",
       " -0.9935336332046539,\n",
       " -0.9826626842020619,\n",
       " -0.9821510436995802,\n",
       " -0.9405958165016457,\n",
       " -0.9520190925750232,\n",
       " -0.9760619590915554,\n",
       " -0.9620844120907648,\n",
       " -0.9827867626932199,\n",
       " -0.9921170070651588,\n",
       " -0.980815659474315,\n",
       " -0.9496815016418463,\n",
       " -0.9537634938366606,\n",
       " -0.9583274993565649,\n",
       " -0.9494876249120591,\n",
       " -0.9704551828374419,\n",
       " -0.9797196486590806,\n",
       " -0.9954324729666154,\n",
       " -0.982920145116991,\n",
       " -0.9606907587001168,\n",
       " -0.9639751454002995,\n",
       " -0.9989177914578308,\n",
       " -0.9692244192523464,\n",
       " -0.9868921343421481,\n",
       " -0.9944476448429398,\n",
       " -0.9634704128687892,\n",
       " -0.9506439282024944,\n",
       " -0.9870928880481786,\n",
       " -0.9956900273529034,\n",
       " -0.9841609931847426,\n",
       " -0.956907573322305,\n",
       " -0.976656305632253,\n",
       " -0.9649047711805586,\n",
       " -0.9845106039147283,\n",
       " -0.9849700124198738,\n",
       " -0.969366611982571,\n",
       " -0.9854250832971154,\n",
       " -0.9627881612420099,\n",
       " -0.9483254552475636,\n",
       " -0.9869215797307573,\n",
       " -0.9593889247315477,\n",
       " -0.9778897998003575,\n",
       " -0.9671718291986753,\n",
       " -0.9657052538492473,\n",
       " -0.9734908708175173,\n",
       " -0.9654572990200193,\n",
       " -0.9957111256095559,\n",
       " -0.9988346542506762,\n",
       " -0.9720655892546818,\n",
       " -0.9781949092036542,\n",
       " -0.9585237515838545,\n",
       " -0.9781381703325536,\n",
       " -0.9834696894073264,\n",
       " -0.9756873428294205,\n",
       " -0.9664177189704396,\n",
       " -0.9656542218046938,\n",
       " -0.9693452367506584,\n",
       " -0.9562000514958189,\n",
       " -0.971112225002595,\n",
       " -0.9495882498476309,\n",
       " -0.980232667446836,\n",
       " -0.9787734632843827,\n",
       " -0.9956870134672442,\n",
       " -0.9952064587426587,\n",
       " -0.988849815144532,\n",
       " -0.9758134398827438,\n",
       " -0.9953526771740803,\n",
       " -0.9591720724788142,\n",
       " -0.9529378129451039,\n",
       " -0.9957505508038486,\n",
       " -0.9734819391184926,\n",
       " -0.9793507497806849,\n",
       " -0.9951640737068437,\n",
       " -0.9966980182970145,\n",
       " -0.9882769701468161,\n",
       " -0.9987184631510357,\n",
       " -0.9526085785555437,\n",
       " -0.9909653326267424,\n",
       " -0.9397121839534965,\n",
       " -0.9914779721116275,\n",
       " -0.9682692156092431,\n",
       " -0.9940651966565728,\n",
       " -0.9545670407652563,\n",
       " -0.9890719371821902,\n",
       " -0.9671362359512974,\n",
       " -0.9902880843571076,\n",
       " -0.993961713388393,\n",
       " -0.9921884333429677,\n",
       " -0.9947960709441901,\n",
       " -0.9907448186665995,\n",
       " -0.9896677864753236,\n",
       " -0.9709684713596829,\n",
       " -0.9837845001398041,\n",
       " -0.9859392797277255,\n",
       " -0.9824456010247324,\n",
       " -0.985961298180045,\n",
       " -0.9954434345163737,\n",
       " -0.9412346278718466,\n",
       " -0.9516664358588495,\n",
       " -0.944476581299857,\n",
       " -0.9724626870571114,\n",
       " -0.9909695330253496,\n",
       " -0.9662169816037836,\n",
       " -0.9825745065413342,\n",
       " -0.9881810817952106,\n",
       " -0.9507566787028401,\n",
       " -0.9811951715083419,\n",
       " -0.9438628491595233,\n",
       " -0.9590506408357087,\n",
       " -0.9950507604820091,\n",
       " -0.9923834665821644,\n",
       " -0.9567484551390564,\n",
       " -0.9668798709280167,\n",
       " -0.9881306703751606,\n",
       " -0.9624894667084939,\n",
       " -0.971039575677284,\n",
       " -0.9508380468304245,\n",
       " -0.9407084109803521,\n",
       " -0.9687956431458895,\n",
       " -0.988875717187186,\n",
       " -0.9629639798577571,\n",
       " -0.9893183024838779,\n",
       " -0.9633851920112344,\n",
       " -0.9945856423220591,\n",
       " -0.9893015497921365,\n",
       " -0.989282989510982,\n",
       " -0.9545902752663107,\n",
       " -0.9681217907457579,\n",
       " -0.9571165410605621,\n",
       " -0.979586744442212,\n",
       " -0.9731301834828772,\n",
       " -0.972888836120916,\n",
       " -0.9627443079950666,\n",
       " -0.9699010771833271,\n",
       " -0.9991889218640162,\n",
       " -0.9786788013911869,\n",
       " -0.9536410665970345,\n",
       " -0.9859162263714084,\n",
       " -0.9672738818784388,\n",
       " -0.9767005156847395,\n",
       " -0.9876598985463856,\n",
       " -0.9936600640885699,\n",
       " -0.9547386218705769,\n",
       " -0.9524283647786629,\n",
       " -0.9597118672243736,\n",
       " -0.9957116901504477,\n",
       " -0.9851661011888787,\n",
       " -0.9899978471322854,\n",
       " -0.9629544994611389,\n",
       " -0.9995162030470324,\n",
       " -0.9840707742806023,\n",
       " -0.9917198680287955,\n",
       " -0.9985748424158466,\n",
       " -0.9787275159978589,\n",
       " -0.9948313388998596,\n",
       " -0.9725845035158056,\n",
       " -0.9980307558474051,\n",
       " -0.9430787003210225,\n",
       " -0.9995862042538616,\n",
       " -0.9774963029072806,\n",
       " -0.9716744083896446,\n",
       " -0.9757149785171257,\n",
       " -0.9881592445807457,\n",
       " -0.9802355562918283,\n",
       " -0.9945796030980917,\n",
       " -0.9903929259662014,\n",
       " -0.95620672907471,\n",
       " -0.9855789371447302,\n",
       " -0.9784293919652982,\n",
       " -0.9850048095551498,\n",
       " -0.9790203133849475,\n",
       " -0.9821273269367993,\n",
       " -0.943556105101643,\n",
       " -0.9629041441840839,\n",
       " -0.9630069615876213,\n",
       " -0.9791267952144141,\n",
       " -0.9644781474925717,\n",
       " -0.9961989884875183,\n",
       " -0.9995535562442351,\n",
       " -0.9761852426576141,\n",
       " -0.9989190055425173,\n",
       " -0.9485153092119328,\n",
       " -0.9618842188431279,\n",
       " -0.9683831763665347,\n",
       " -0.9933186480404321,\n",
       " -0.9749835914193679,\n",
       " -0.9934180187763479,\n",
       " -0.9970616648060796,\n",
       " -0.9572023673693415,\n",
       " -0.9762396609617168,\n",
       " -0.9695690424714591,\n",
       " -0.9923135541260504,\n",
       " -0.9881894793085237,\n",
       " -0.9962682224872133,\n",
       " -0.9990651856158331,\n",
       " -0.964563926001777,\n",
       " -0.9790754222462108,\n",
       " -0.9598376318188785,\n",
       " -0.9891864931793987,\n",
       " -0.9654959666012245,\n",
       " -0.9798779231200336,\n",
       " -0.9846354006321872,\n",
       " -0.9541489681548249,\n",
       " -0.9955167582225433,\n",
       " -0.9966219338984436,\n",
       " -0.9832867459158081,\n",
       " -0.9986592852242226,\n",
       " -0.9439044974175012,\n",
       " -0.9730686132367219,\n",
       " -0.9759718488006575,\n",
       " -0.9668527315851879,\n",
       " -0.971106349777271,\n",
       " -0.9965241465114659,\n",
       " -0.9718246337974217,\n",
       " -0.9568701095719898,\n",
       " -0.9959471703880974,\n",
       " -0.9741028903202462,\n",
       " -0.973523271760722,\n",
       " -0.9965955945857801,\n",
       " -0.9418310267707962,\n",
       " -0.971551618880939,\n",
       " -0.9988004414387288,\n",
       " -0.9825881809136661,\n",
       " -0.9931383780510176,\n",
       " -0.9746849516678133,\n",
       " -0.9986400432990242,\n",
       " -0.9863950711756997,\n",
       " -0.9682662101895714,\n",
       " -0.9951125267091776,\n",
       " -0.9874082868146287,\n",
       " -0.9976134810556153,\n",
       " -0.969147376930146,\n",
       " -0.9860621911035427,\n",
       " -0.9980077951018648,\n",
       " -0.9648957930904902,\n",
       " -0.9632126209820622,\n",
       " -0.9700761283662778,\n",
       " -0.9705277154884745,\n",
       " -0.9516908979898893,\n",
       " -0.9963634491259781,\n",
       " -0.9771277632683798,\n",
       " -0.9418125492924304,\n",
       " -0.9720773826787863,\n",
       " -0.9614039267596057,\n",
       " -0.9895120125431519,\n",
       " -0.9961549140895336,\n",
       " -0.9805812549624993,\n",
       " -0.9817817767708605,\n",
       " -0.9800909308856871,\n",
       " -0.9971247336971771,\n",
       " -0.9918057790975986,\n",
       " -0.9765720993867132,\n",
       " -0.9998588808220726,\n",
       " -0.9799058882708205,\n",
       " -0.9959483790139106,\n",
       " -0.9741672839846531,\n",
       " -0.9509634838501346,\n",
       " -0.9581832858541118,\n",
       " -0.944718758291028,\n",
       " -0.9888221314008686,\n",
       " -0.9962341261753248,\n",
       " -0.9461634615310581,\n",
       " -0.9799056127012251,\n",
       " -0.9971752393098031,\n",
       " -0.9919863494687009,\n",
       " -0.9873693322352799,\n",
       " -0.9694636123347466,\n",
       " -0.9997996517115914,\n",
       " -0.972180748164561,\n",
       " -0.9400457642879662,\n",
       " -0.9594018374269855,\n",
       " -0.9754123103775566,\n",
       " -0.9737420521081727,\n",
       " -0.9546319675783596,\n",
       " -0.9578346442146242,\n",
       " -0.944926057996234,\n",
       " -0.9559448194121638,\n",
       " -0.9937404862446169,\n",
       " -0.983299896436622,\n",
       " -0.9750566875845381,\n",
       " -0.9814612308478572,\n",
       " -0.9592234787725573,\n",
       " -0.9658434202474103,\n",
       " -0.9618507524264466,\n",
       " -0.9604470521008467,\n",
       " -0.9684575056469141,\n",
       " -0.9872717861757354,\n",
       " -0.9646851468326736,\n",
       " -0.9424963632172854,\n",
       " -0.982478657283222,\n",
       " -0.9769936039318827,\n",
       " -0.9766236115853499,\n",
       " -0.9883882867843923,\n",
       " -0.9964559936026453,\n",
       " -0.9664218889113149,\n",
       " -0.9556703333768706,\n",
       " -0.9477496614503795,\n",
       " -0.9950042148599721,\n",
       " -0.9991160132019921,\n",
       " -0.9793006250446474,\n",
       " -0.9633644219878277,\n",
       " -0.974451713651336,\n",
       " -0.9732101820539714,\n",
       " -0.966127751402502,\n",
       " -0.9809294236600795,\n",
       " -0.9476840127712922,\n",
       " -0.9571296063571788,\n",
       " -0.9536071370322521,\n",
       " -0.9935224652386712,\n",
       " -0.9624190893630131,\n",
       " -0.9703296205281193,\n",
       " -0.9880012593644953,\n",
       " -0.9930539773326107,\n",
       " -0.9756205587480618,\n",
       " -0.9691421644122745,\n",
       " -0.9721383144934806,\n",
       " -0.9868422152847738,\n",
       " -0.9658373067051991,\n",
       " -0.9826831681184354,\n",
       " -0.9565432493389245,\n",
       " -0.9806320889098321,\n",
       " -0.9720856035039842,\n",
       " -0.9740497824784473,\n",
       " -0.9514282311910823,\n",
       " -0.9749724308807313,\n",
       " -0.9993437195450379,\n",
       " -0.9910429934407945,\n",
       " -0.990844183968248,\n",
       " -0.9922471358932718,\n",
       " -0.9925547992939925,\n",
       " -0.9867760054074131,\n",
       " -0.9867703908252371,\n",
       " -0.9484737835840136,\n",
       " -0.9879718659249339,\n",
       " -0.9736526885910928,\n",
       " -0.9545690719221269,\n",
       " -0.998422251635928,\n",
       " -0.9869699167884646,\n",
       " -0.9760519285472463,\n",
       " -0.9535517834485796,\n",
       " -0.9686734355983938,\n",
       " -0.9462717495849031,\n",
       " -0.975733826242059,\n",
       " -0.9906876371926759,\n",
       " -0.9894557933383898,\n",
       " -0.9903404248529527,\n",
       " -0.9870729478499005,\n",
       " -0.9593442886217997,\n",
       " -0.9904963399392884,\n",
       " -0.9675009405070936,\n",
       " -0.998461283066626,\n",
       " -0.9675113689945553,\n",
       " -0.9883014240317716,\n",
       " -0.9805826806038985,\n",
       " -0.960456254494279,\n",
       " -0.9987631197183873,\n",
       " -0.9959472536338577,\n",
       " -0.9795633759766271,\n",
       " -0.9527153548445576,\n",
       " -0.9941495301579206,\n",
       " -0.9946317596581108,\n",
       " -0.9730509654083044,\n",
       " -0.9843245517535543,\n",
       " -0.9930852692198412,\n",
       " -0.9681775169367556,\n",
       " -0.9597941961804444,\n",
       " -0.9947612370801153,\n",
       " -0.9995028005728994,\n",
       " -0.9797561904715846,\n",
       " -0.979303002772679,\n",
       " -0.9502664906110215,\n",
       " -0.9940954542962079,\n",
       " -0.9939833118541469,\n",
       " -0.9749907479091293,\n",
       " -0.9750290545172049,\n",
       " -0.9837147104882854,\n",
       " -0.9997798939394872,\n",
       " -0.9714713414249467,\n",
       " -0.9738278672493179,\n",
       " -0.978425584069255,\n",
       " -0.9883216823735684,\n",
       " -0.9999934454640877,\n",
       " -0.9902190998582174,\n",
       " -0.9839231169760912,\n",
       " -0.9627482123169779,\n",
       " -0.9730020226718393,\n",
       " -0.9871156743590619,\n",
       " -0.9878180324586583,\n",
       " -0.9676117332354233,\n",
       " -0.980538507919928,\n",
       " -0.9998044526487251,\n",
       " -0.9539352181714597,\n",
       " -0.9527962228951246,\n",
       " -0.9831765413917167,\n",
       " -0.9978523980848977,\n",
       " -0.9754953071508281,\n",
       " -0.9409892720631629,\n",
       " -0.9987625082402737,\n",
       " -0.981047141369475,\n",
       " -0.9696402999163687,\n",
       " -0.9940440961593173,\n",
       " -0.9758790465813598,\n",
       " -0.9622026879707247,\n",
       " -0.9526935678982684,\n",
       " -0.9923422719769326,\n",
       " -0.9589573307344463,\n",
       " -0.9743903673308131,\n",
       " -0.9792890471350543,\n",
       " -0.9892547545921337,\n",
       " -0.9560778686645126,\n",
       " -0.9454682836310792,\n",
       " -0.940502899264108,\n",
       " -0.969396414108487,\n",
       " -0.9821360574450624,\n",
       " -0.9853396704691999,\n",
       " -0.9741407946893452,\n",
       " -0.9838589065657368,\n",
       " -0.9913355695409521,\n",
       " -0.9692131535274611,\n",
       " -0.9984424870748432,\n",
       " -0.9725096687345718,\n",
       " -0.9884078704570456,\n",
       " -0.9945741393692983,\n",
       " -0.9780673485355857,\n",
       " -0.9585967160907514,\n",
       " -0.9862065260916216,\n",
       " -0.95686230808099,\n",
       " -0.9815379571641952,\n",
       " -0.9728899513104065,\n",
       " -0.9800588845219418,\n",
       " -0.9719255793675964,\n",
       " -0.9809016076059034,\n",
       " -0.9586259604468386,\n",
       " -0.9629551091942412,\n",
       " -0.9961560790938363,\n",
       " -0.9932149967050059,\n",
       " -0.9742165955131031,\n",
       " -0.9747485021077357,\n",
       " -0.9717620833107615,\n",
       " -0.9871470794670294,\n",
       " -0.9876786031848067,\n",
       " -0.956278946623837,\n",
       " -0.9921577909579925,\n",
       " -0.9813202076755598,\n",
       " -0.9918872133283569,\n",
       " -0.9695817829827997,\n",
       " -0.9760924141728566,\n",
       " -0.982930651062738,\n",
       " -0.9594480266684775,\n",
       " -0.9598717028944733,\n",
       " -0.9885167897057018,\n",
       " -0.9676098052564995,\n",
       " -0.9659616185945686,\n",
       " -0.9856208656344752,\n",
       " -0.9722227613155368,\n",
       " -0.9811397602843839,\n",
       " -0.9671032170250474,\n",
       " -0.9667296191153991,\n",
       " -0.9887404714725864,\n",
       " -0.9935515092381677,\n",
       " -0.9926882422063616,\n",
       " -0.9677895941949369,\n",
       " -0.959742497194159,\n",
       " -0.9673979948599917,\n",
       " -0.9483861534559632,\n",
       " -0.9939008834624489,\n",
       " -0.9769306220496321,\n",
       " -0.9477877532110262,\n",
       " -0.9992246452313691,\n",
       " -0.9906623232083944,\n",
       " -0.9949175634214082,\n",
       " -0.9433800503786748,\n",
       " -0.9862132021500547,\n",
       " -0.9506359392029163,\n",
       " -0.9861548261746916,\n",
       " -0.9561622722619519,\n",
       " -0.9816551505710073,\n",
       " -0.9820701615887252,\n",
       " -0.9779133439808241,\n",
       " -0.9942004596330583,\n",
       " -0.949087478834119,\n",
       " -0.9859084562774229,\n",
       " -0.9980209540234884,\n",
       " -0.9740763996490869,\n",
       " -0.9905799241874924,\n",
       " -0.9794380863283556,\n",
       " -0.9805873799431007,\n",
       " -0.952975369098225,\n",
       " -0.952169366193562,\n",
       " -0.9532841098679725,\n",
       " -0.9452596214035541,\n",
       " -0.9952908451453695,\n",
       " -0.9722612696209221,\n",
       " -0.9681001394057418,\n",
       " -0.9761089985083775,\n",
       " -0.9946098719025551,\n",
       " -0.9834164091979642,\n",
       " -0.9733440582377827,\n",
       " -0.9854157642888892,\n",
       " -0.9851241226152168,\n",
       " -0.963989007458927,\n",
       " -0.9833446802385202,\n",
       " -0.9579664837246402,\n",
       " -0.9793031751318482,\n",
       " -0.9927391492157932,\n",
       " -0.993708116792207,\n",
       " -0.9753812708333526,\n",
       " -0.9955723215913006,\n",
       " -0.9862300652168341,\n",
       " -0.9589519150357722,\n",
       " -0.988847245797142,\n",
